123
132
157
133
133
145
145
133
133
133
145
347
145
145
145
145
157
179
247
145
145
133
139
145
145
137
145
145
169
145
145
145
133
157
145
157
133
146
133
133
157
133
145
203
169
145
145
145
140
133
143
145
157
135
145
145
145
145
145
145
145
157
157
145
157
166
149
181
157
145
152
157
169
145
157
157
145
145
157
145
157
169
157
157
159
157
157
164
157
152
167
157
145
156
157
169
157
169
157
159
144
145
169
145
203
147
203
168
157
163
145
160
145
169
157
156
145
157
203
157
157
145
180
156
323
149
169
133
145
145
152
145
157
145
157
155
157
145
180
157
145
157
156
145
168
157
144
155
251
157
156
145
133
168
147
181
169
157
151
145
145
147
169
150
145
152
145
145
159
157
169
157
168
251
168
157
157
145
157
168
145
157
157
145
143
169
145
152
169
133
157
133
145
146
181
152
157
145
167
157
169
169
151
157
145
156
157
145
156
168
144
155
156
145
168
181
157
144
156
145
144
145
203
145
145
145
157
169
145
145
145
145
157
180
168
156
200
157
145
159
145
443
251
169
147
157
157
156
156
157
145
158
156
145
156
147
203
157
145
151
145
193
156
145
145
157
148
145
155
157
157
145
145
156
145
157
145
145
157
157
156
169
145
145
145
180
171
156
156
157
168
192
145
169
251
157
157
133
145
145
437
145
251
157
167
169
133
289
145
145
169
156
133
395
169
157
157
145
299
151
166
145
145
159
157
169
164
147
299
152
159
157
169
145
145
157
155
159
203
157
203
133
168
203
169
144
145
169
133
157
157
157
156
175
157
179
145
167
203
157
145
169
145
157
145
145
145
142
221
145
144
145
133
145
169
251
169
145
147
169
157
133
145
135
169
157
157
157
140
139
169
157
152
169
145
145
157
203
169
157
169
157
145
145
157
155
152
157
157
157
157
138
165
156
145
157
157
156
157
157
145
169
157
145
169
145
203
203
157
169
145
156
157
171
203
169
145
157
156
169
157
157
140
169
145
145
181
157
133
251
135
145
145
203
145
169
151
145
157
157
156
147
169
144
157
157
145
145
147
145
157
157
159
157
157
145
156
145
157
251
251
157
347
145
145
251
181
157
145
169
145
251
157
145
145
164
168
169
157
157
169
145
145
157
144
145
156
133
156
145
152
145
157
156
365
145
145
203
157
157
157
169
157
145
214
145
133
157
145
157
347
157
145
145
164
251
133
145
157
157
145
157
157
152
157
157
181
145
148
169
145
145
157
157
145
152
157
139
145
169
145
159
157
147
169
145
145
152
145
203
203
145
157
157
169
145
145
145
133
157
145
181
157
203
157
157
157
158
145
157
145
169
145
299
157
157
145
157
145
157
169
145
151
157
145
144
145
169
133
144
169
145
157
145
156
157
157
157
145
169
169
158
147
157
157
145
145
157
156
152
169
157
145
