78
78
92
85
87
89
93
90
92
92
90
92
99
96
91
101
100
100
97
97
90
96
95
99
96
99
97
103
101
102
99
98
96
102
97
100
100
93
98
93
92
91
101
96
91
98
95
93
91
85
97
96
98
96
95
104
98
101
100
95
102
100
99
103
104
100
108
107
107
105
104
105
107
104
108
107
97
100
105
104
102
103
103
109
99
95
98
96
96
97
105
105
106
103
103
101
106
102
101
102
103
106
105
104
107
104
108
110
107
105
105
104
103
104
106
101
105
105
105
109
103
108
103
106
109
110
102
105
105
107
99
102
103
107
106
101
102
105
101
99
103
108
107
103
105
105
105
109
105
105
102
106
94
101
103
106
106
106
105
106
104
102
109
108
106
106
101
103
96
104
96
102
105
106
106
100
107
96
98
103
107
105
104
104
102
97
101
107
105
102
103
94
100
103
106
105
102
99
101
106
108
101
108
103
104
104
106
103
101
101
104
104
106
106
96
95
104
102
95
91
98
101
102
98
99
101
106
102
100
107
102
109
106
108
106
104
104
102
104
103
105
105
109
110
107
103
106
105
105
106
110
107
106
103
102
109
104
106
107
105
108
104
103
103
106
104
101
107
101
101
107
108
104
109
110
107
107
104
108
101
109
108
100
104
104
108
107
107
106
110
110
106
108
109
110
98
106
104
104
109
108
103
103
107
104
108
105
108
100
104
104
105
105
105
105
106
104
109
109
109
107
110
103
105
109
108
108
105
108
105
108
106
106
106
107
98
105
105
106
105
106
105
108
102
103
99
102
106
99
104
105
103
101
105
103
107
105
104
106
106
104
100
102
105
103
101
107
104
108
108
106
103
107
108
102
106
103
105
106
105
104
105
103
103
102
108
102
105
103
104
104
107
104
107
103
97
104
107
106
103
103
108
102
99
103
107
106
101
104
101
102
100
103
104
104
108
109
109
108
109
102
108
106
110
109
107
110
107
106
108
103
104
108
104
103
104
105
104
105
108
108
107
103
104
105
105
105
103
106
103
103
104
103
104
108
104
104
102
107
106
102
103
106
100
104
110
104
104
101
102
100
98
103
103
105
105
104
101
103
106
105
106
106
102
105
104
106
104
105
103
103
110
106
101
103
103
106
108
92
101
101
107
97
104
102
105
106
102
107
103
104
102
101
103
112
106
105
105
106
100
103
105
100
97
106
103
99
105
100
111
108
105
104
102
103
110
100
105
100
95
96
100
102
105
105
99
104
95
103
103
104
104
101
97
103
99
97
101
93
99
93
98
97
94
104
102
99
101
106
100
104
103
101
102
105
106
106
107
100
103
101
106
107
108
108
109
107
108
108
109
107
107
103
107
108
104
107
104
108
103
106
103
106
103
104
108
105
105
103
100
107
101
105
102
109
105
109
108
105
108
108
103
103
107
104
106
106
104
109
103
108
109
107
